1	4018516.32663
2	1982935.17588
3	1306432.53769
4	969093.537688
5	768337.562814
6	634754.105528
7	538815.125628
8	468181.844221
9	412228.81407
10	368260.613065
11	332871.281407
12	302932.236181
13	277280.130653
14	256895.683417
15	237194.110553
16	221467.246231
17	206720.376884
18	193557.944724
19	182953.577889
20	172680.914573
21	163223.346734
22	155002.301508
23	147807.432161
24	140706.251256
25	134327.974874
26	128922.522613
27	123255.246231
28	117941.366834
29	113479.261307
30	109628.336683
31	105241.180905
32	101612.251256
33	97845.5427136
34	94525.2914573
35	91324.1959799
36	88331.3919598
37	86046.1708543
38	83474.6683417
39	80705.678392
40	77976.7638191
41	76254.040201
42	73924.5879397
43	71848.9547739
44	70525.6432161
45	67897.0351759
46	66510.0854271
47	64732.6582915
48	63371.0452261
49	61577.8090452
50	60288.6834171
51	58568.9095477
52	57596.3366834
53	56106.2261307
54	54930.8994975
55	53594.8844221
56	52490.1256281
57	51331.361809
58	50354.7085427
59	49413.0954774
60	48523.879397
61	47428.1306533
62	46104.7386935
63	45530.919598
64	44707.7487437
65	43625.6683417
66	42771.4623116
67	42356.361809
68	41650.2512563
69	40680.798995
70	40224.1306533
71	39136.4773869
72	38338.9045226
73	37833.6834171
74	37579.9949749
75	36746.120603
76	35866.8291457
77	35641.2512563
78	34964.2763819
79	34578.2160804
80	33847.4773869
81	33034.8241206
82	33082.2361809
83	32482.2110553
84	31677.3517588
85	31453.2110553
86	30790.1356784
87	30659.3819095
88	30093.6180905
89	29506.6884422
90	29257.1909548
91	28979.4221106
92	28452.5577889
93	28479.6733668
94	27355.6080402
95	27653.3467337
96	26996.8190955
97	26608.8442211
98	26348.1306533
99	25769.5628141
100	25362.1859296
101	25060.6733668
102	24804.9849246
103	24592.1859296
104	24524.4422111
105	23970.5477387
106	23674.9547739
107	23723.0351759
108	23070.1105528
109	22944.678392
110	22671.4623116
111	22414.9547739
112	22207.8442211
113	21759.2562814
114	21289.6683417
115	21299.5678392
116	21012.6180905
117	20884.6030151
118	20566.1407035
119	20607.4824121
120	20337.0854271
121	20074.1859296
122	19643.1507538
123	19840.0904523
124	19239.4723618
125	19316.6532663
126	18856.080402
127	18817.1457286
128	18614.6482412
129	18362.8693467
130	18172.1658291
131	18189.6834171
132	17733.8442211
133	17710.5276382
134	17394.3668342
135	17198.7688442
136	17047.7688442
137	17052.3316583
138	16826.4120603
139	16529.0201005
140	16365.7487437
141	16553.718593
142	16261.1909548
143	16137.6180905
144	15825.6984925
145	15528.0301508
146	15507.4673367
147	15470.1356784
148	15400.8442211
149	15365.0552764
150	15005.7788945
151	14844.281407
152	14800.6733668
153	14665.2261307
154	14423.7839196
155	14261.1256281
156	14347.0251256
157	14350.361809
158	14110.1306533
159	13916.3467337
160	13821.3165829
161	13701.5276382
162	13479.9497487
163	13404.2160804
164	13578.3919598
165	13184.9648241
166	13250.2713568
167	12961.4321608
168	13082.1507538
169	12727.718593
170	12724.7537688
171	12503.718593
172	12698.3668342
173	12398.2914573
174	12294.0954774
175	12277.6884422
176	12035.3517588
177	12038.4824121
178	12123.4623116
179	11878.4120603
180	11750.798995
181	11602.4170854
182	11456.1959799
183	11421.1457286
184	11482.8994975
185	11312.919598
186	11399.1155779
187	11057.4020101
188	11066.758794
189	10842.9497487
190	10896.4723618
191	10809.2914573
192	10649.3015075
193	10749.281407
194	10558.6834171
195	10494.879397
196	10328.8944724
197	10358.5226131
198	10171.281407
199	10188.2110553
200	10364.0603015
201	10139.9396985
202	10116.6984925
203	9958.61809045
204	9838.07035176
205	9828.02512563
206	9654.59296482
207	9509.15577889
208	9661.77386935
209	9537.13065327
210	9594.32663317
211	9550.02512563
212	9420.45728643
213	9335.29145729
214	9118.02512563
215	9150.25125628
