1	4017466.64824
2	1982473.65327
3	1307781.53769
4	970813.849246
5	769089.572864
6	635474.331658
7	538496.487437
8	468124.557789
9	411564.0
10	368598.603015
11	333091.266332
12	302940.824121
13	279126.61809
14	256055.467337
15	235510.879397
16	220989.829146
17	206862.417085
18	194990.407035
19	181697.829146
20	172836.40201
21	163770.633166
22	155249.477387
23	148010.221106
24	139980.60804
25	136119.150754
26	128163.693467
27	123753.582915
28	118147.663317
29	113617.678392
30	108684.281407
31	106289.567839
32	101854.678392
33	97429.3819095
34	96347.9095477
35	91958.0954774
36	87183.3316583
37	84978.7487437
38	83614.080402
39	80356.0954774
40	78953.9849246
41	75674.0301508
42	73454.2964824
43	71546.3015075
44	70452.9698492
45	67818.8341709
46	66752.8341709
47	64810.4170854
48	62989.3768844
49	62355.3366834
50	60066.241206
51	58319.6733668
52	56936.9296482
53	56737.2512563
54	54860.9296482
55	54135.4271357
56	52183.4020101
57	51613.3668342
58	49823.3718593
59	48692.638191
60	47804.6884422
61	47008.6231156
62	46323.2713568
63	45704.9899497
64	44291.6633166
65	43718.6934673
66	42933.4572864
67	42355.3969849
68	41375.201005
69	40918.2613065
70	40090.0251256
71	38732.678392
72	39213.2713568
73	37212.3919598
74	37312.7839196
75	37025.6582915
76	36142.8643216
77	35516.9447236
78	35001.4522613
79	33575.1909548
80	34120.3567839
81	33019.4020101
82	32285.6532663
83	32283.8693467
84	31979.4723618
85	31847.361809
86	31035.0653266
87	30378.3567839
88	30705.6984925
89	30052.201005
90	29133.5075377
91	27990.160804
92	28126.8743719
93	27138.6030151
94	27719.2663317
95	28392.1306533
96	27142.1356784
97	25841.8341709
98	27137.8341709
99	25676.5175879
100	25416.9748744
101	24947.9949749
102	25079.2160804
103	25009.6984925
104	24140.0502513
105	23537.8492462
106	23702.3316583
107	22883.0552764
108	24053.6884422
109	22400.4924623
110	22768.0703518
111	22727.7386935
112	22347.4974874
113	22293.1557789
114	21581.2864322
115	21164.4221106
116	21001.919598
117	20681.9949749
118	20929.9246231
119	20109.9748744
120	20148.0603015
121	20510.1306533
122	20525.281407
123	19089.8844221
124	18804.7386935
125	18068.1155779
126	18841.919598
127	19249.0452261
128	18984.9095477
129	18495.6130653
130	18524.9698492
131	18558.4874372
132	17938.7236181
133	17435.4723618
134	17813.9748744
135	17324.241206
136	17172.6130653
137	16165.5326633
138	16722.1457286
139	16744.7688442
140	16675.9296482
141	16591.3718593
142	15943.3768844
143	15740.4321608
144	15723.0502513
145	15418.7788945
146	15917.3517588
147	15680.9246231
148	15069.0703518
149	15110.8040201
150	15065.2361809
151	14933.7638191
152	14483.8944724
153	14761.879397
154	14392.3115578
155	14398.1407035
156	14089.9949749
157	14145.3718593
158	13320.8190955
159	14591.5175879
160	13576.1959799
161	13722.9949749
162	13692.8894472
163	13563.7386935
164	12905.281407
165	13116.6030151
166	12645.8844221
167	13512.959799
168	12861.6834171
169	12988.4874372
170	12730.2864322
171	12434.7386935
172	12439.6834171
173	12832.7336683
174	12027.7738693
175	12487.6432161
176	12686.2613065
177	12160.8643216
178	12242.0251256
179	11199.4673367
180	11210.5125628
181	11846.5527638
182	12072.8592965
183	11360.3919598
184	11268.1457286
185	11324.8643216
186	11437.201005
187	11234.4673367
188	10931.2512563
189	11270.879397
190	11016.6683417
191	11182.2964824
192	10358.6331658
193	10625.3015075
194	10795.1507538
195	10033.9045226
196	10448.5778894
197	10022.8743719
198	10525.4773869
199	10198.0100503
200	10058.6281407
201	9949.85427136
202	9925.53266332
203	10272.0452261
204	10225.0753769
205	9681.31658291
206	9806.65326633
207	9678.86432161
208	9687.66331658
209	9223.99497487
210	9763.55276382
211	9447.59798995
212	9282.74371859
213	9093.97487437
214	9457.47236181
215	9264.77889447
