1	4018230.1608
2	1982673.88442
3	1306578.86935
4	969807.040201
5	768238.050251
6	634543.20603
7	539110.653266
8	467882.849246
9	412840.582915
10	368490.924623
11	332603.01005
12	302673.522613
13	277519.849246
14	256202.155779
15	237475.603015
16	221144.236181
17	206823.346734
18	194055.160804
19	182828.477387
20	172671.849246
21	163556.809045
22	155277.21608
23	147987.296482
24	140853.030151
25	134390.291457
26	128675.738693
27	123210.035176
28	118151.753769
29	113550.753769
30	109278.59799
31	105294.246231
32	101437.603015
33	97892.2964824
34	94702.3015075
35	91511.3768844
36	88442.1809045
37	85662.201005
38	83134.5427136
39	80668.0050251
40	78236.3165829
41	76145.8190955
42	74024.7638191
43	71872.6984925
44	70009.4673367
45	68147.8241206
46	66391.6180905
47	64814.9547739
48	63211.4623116
49	61612.4020101
50	60154.080402
51	58751.1055276
52	57424.080402
53	56072.6984925
54	54740.6733668
55	53624.4422111
56	52588.758794
57	51327.7085427
58	50321.6984925
59	49266.1658291
60	48329.4221106
61	47352.6030151
62	46393.4723618
63	45591.040201
64	44591.3869347
65	43754.4673367
66	43027.4371859
67	42236.2060302
68	41447.798995
69	40758.321608
70	40002.0502513
71	39328.4271357
72	38748.2713568
73	37945.8241206
74	37323.2613065
75	36643.7738693
76	36107.7788945
77	35491.7487437
78	34949.120603
79	34509.6482412
80	33869.2914573
81	33304.7236181
82	32854.6532663
83	32320.5376884
84	31839.8341709
85	31368.9296482
86	31030.8341709
87	30512.1859296
88	30032.839196
89	29728.7386935
90	29164.7688442
91	28827.1959799
92	28382.6934673
93	28036.6331658
94	27597.3065327
95	27342.8643216
96	26928.2763819
97	26591.3266332
98	26286.1356784
99	25901.0854271
100	25602.4472362
101	25262.6482412
102	24921.4974874
103	24563.2512563
104	24290.718593
105	24083.3015075
106	23751.1859296
107	23471.4321608
108	23239.839196
109	22890.8040201
110	22674.2361809
111	22324.5025126
112	22143.7939698
113	21730.1105528
114	21581.1306533
115	21396.9949749
116	21112.8291457
117	20898.638191
118	20742.6582915
119	20452.1708543
120	20170.718593
121	19979.2361809
122	19718.678392
123	19541.0703518
124	19338.5226131
125	19149.4773869
126	18868.9698492
127	18833.7336683
128	18618.4874372
129	18339.3819095
130	18219.0904523
131	17981.7035176
132	17782.7437186
133	17634.0753769
134	17471.0150754
135	17313.361809
136	17188.2361809
137	16996.6432161
138	16830.9095477
139	16626.1155779
140	16466.5527638
141	16360.2713568
142	16158.6281407
143	15967.7437186
144	15942.7236181
145	15763.7336683
146	15615.3819095
147	15496.9748744
148	15327.5125628
149	15200.0100503
150	15121.6984925
151	14868.6834171
152	14738.7035176
153	14654.9246231
154	14509.3919598
155	14382.7688442
156	14221.8844221
157	14131.8844221
158	14038.0201005
159	13902.7286432
160	13807.8894472
161	13725.4623116
162	13589.3517588
163	13447.0854271
164	13346.3869347
165	13246.7788945
166	13148.9899497
167	13035.4020101
168	12943.798995
169	12808.1457286
170	12733.5979899
171	12574.6834171
172	12512.4924623
173	12392.5075377
174	12365.1005025
175	12207.9045226
176	12090.0100503
177	12039.3015075
178	11885.2211055
179	11799.7085427
180	11754.7085427
181	11704.6030151
182	11585.3768844
183	11478.0
184	11393.3517588
185	11313.6482412
186	11187.6834171
187	11126.5125628
188	11014.9849246
189	11015.0603015
190	10921.8090452
191	10813.3165829
192	10756.4422111
193	10788.9849246
194	10621.281407
195	10520.8592965
196	10445.2613065
197	10364.839196
198	10287.8844221
199	10220.1658291
200	10159.5628141
201	10097.1809045
202	10078.6834171
203	10024.9949749
204	9880.1959799
205	9811.82914573
206	9786.57788945
207	9705.65829146
208	9613.42713568
209	9519.79899497
210	9492.10552764
211	9453.29648241
212	9393.31155779
213	9331.36180905
214	9280.65829146
215	9187.39698492
