1.968384
0.970977
0.639450
0.474242
0.375470
0.309858
0.263159
0.228255
0.201197
0.179621
0.162022
0.147401
0.135066
0.124524
0.115414
0.107465
0.100471
0.094272
0.088741
0.083777
0.079299
0.075239
0.071543
0.068164
0.065064
0.062211
0.059576
0.057137
0.054872
0.052765
0.050798
0.048960
0.047238
0.045622
0.044102
0.042671
0.041321
0.040045
0.038839
0.037695
0.036610
0.035580
0.034600
0.033668
0.032779
0.031931
0.031121
0.030347
0.029606
0.028897
0.028217
0.027566
0.026940
0.026339
0.025761
0.025206
0.024671
0.024156
0.023659
0.023181
0.022719
0.022273
0.021842
0.021426
0.021023
0.020634
0.020257
0.019892
0.019538
0.019196
0.018863
0.018541
0.018229
0.017925
0.017630
0.017344
0.017066
0.016795
0.016532
0.016276
0.016027
0.015785
0.015549
0.015319
0.015095
0.014877
0.014664
0.014457
0.014254
0.014057
0.013864
0.013676
0.013493
0.013313
0.013138
0.012967
0.012800
0.012637
0.012477
0.012321
0.012168
0.012018
0.011872
0.011729
0.011589
0.011452
0.011318
0.011186
0.011057
0.010931
0.010808
0.010686
0.010568
0.010451
0.010337
0.010225
0.010115
0.010008
0.009902
0.009799
0.009697
0.009597
0.009499
0.009403
0.009308
0.009215
0.009124
0.009035
0.008947
0.008861
0.008776
0.008692
0.008610
0.008530
0.008450
0.008373
0.008296
0.008221
0.008146
0.008074
0.008002
0.007931
0.007862
0.007794
0.007726
0.007660
0.007595
0.007531
0.007468
0.007406
0.007344
0.007284
0.007225
0.007166
0.007109
0.007052
0.006996
0.006941
0.006887
0.006833
0.006780
0.006728
0.006677
0.006626
0.006577
0.006528
0.006479
0.006431
0.006384
0.006338
0.006292
0.006247
0.006202
0.006158
0.006115
0.006072
0.006029
0.005988
0.005947
0.005906
0.005866
0.005826
0.005787
0.005748
0.005710
0.005673
0.005635
0.005599
0.005562
0.005527
0.005491
0.005456
0.005422
0.005388
0.005354
0.005321
0.005288
0.005255
0.005223
0.005191
0.005160
0.005129
0.005098
0.005068
0.005038
0.005008
0.004979
0.004950
0.004922
0.004893
0.004865
0.004838
0.004810
0.004783
0.004756
