1.753459
0.843795
0.559107
0.420357
0.337436
0.281870
0.241883
0.211684
0.188066
0.169090
0.153511
0.140488
0.129436
0.119932
0.111667
0.104407
0.097975
0.092234
0.087076
0.082415
0.078181
0.074319
0.070782
0.067532
0.064536
0.061767
0.059202
0.056819
0.054602
0.052535
0.050604
0.048798
0.047106
0.045518
0.044027
0.042623
0.041301
0.040055
0.038877
0.037763
0.036709
0.035711
0.034763
0.033863
0.033007
0.032192
0.031416
0.030675
0.029968
0.029291
0.028644
0.028025
0.027430
0.026860
0.026312
0.025785
0.025278
0.024790
0.024319
0.023864
0.023425
0.023001
0.022591
0.022193
0.021808
0.021435
0.021073
0.020721
0.020379
0.020047
0.019724
0.019409
0.019103
0.018804
0.018513
0.018229
0.017952
0.017681
0.017417
0.017159
0.016906
0.016659
0.016417
0.016181
0.015949
0.015722
0.015500
0.015282
0.015069
0.014860
0.014654
0.014453
0.014255
0.014062
0.013871
0.013685
0.013501
0.013321
0.013144
0.012970
0.012800
0.012632
0.012467
0.012305
0.012146
0.011990
0.011836
0.011685
0.011536
0.011390
0.011246
0.011105
0.010966
0.010830
0.010695
0.010563
0.010434
0.010306
0.010180
0.010057
0.009935
0.009816
0.009698
0.009583
0.009469
0.009357
0.009247
0.009139
0.009033
0.008928
0.008825
0.008724
0.008625
0.008527
0.008431
0.008336
0.008243
0.008152
0.008062
0.007974
0.007887
0.007802
0.007718
0.007635
0.007554
0.007475
0.007396
0.007319
0.007244
0.007170
0.007097
0.007025
0.006954
0.006885
0.006817
0.006750
0.006685
0.006620
0.006557
0.006495
0.006434
0.006374
0.006315
0.006257
0.006201
0.006145
0.006090
0.006037
0.005984
0.005933
0.005882
0.005832
0.005783
0.005736
0.005689
0.005643
0.005597
0.005553
0.005510
0.005467
0.005425
0.005385
0.005344
0.005305
0.005267
0.005229
0.005192
0.005156
0.005120
0.005085
0.005051
0.005018
0.004985
0.004953
0.004922
0.004891
0.004861
0.004832
0.004803
0.004775
0.004747
0.004720
0.004694
0.004668
0.004643
0.004618
0.004594
0.004571
0.004548
0.004525
0.004503
0.004482
0.004461
0.004440
0.004420
