1.940765
0.941646
0.612305
0.449742
0.353396
0.289883
0.244975
0.211602
0.185861
0.165427
0.148828
0.135090
0.123541
0.113704
0.105231
0.097861
0.091396
0.085683
0.080599
0.076049
0.071954
0.068251
0.064887
0.061819
0.059010
0.056429
0.054050
0.051851
0.049812
0.047917
0.046152
0.044503
0.042960
0.041513
0.040153
0.038874
0.037668
0.036529
0.035452
0.034432
0.033464
0.032546
0.031672
0.030841
0.030049
0.029294
0.028572
0.027883
0.027223
0.026592
0.025986
0.025406
0.024849
0.024314
0.023799
0.023304
0.022828
0.022369
0.021927
0.021501
0.021089
0.020692
0.020308
0.019937
0.019579
0.019232
0.018896
0.018571
0.018256
0.017950
0.017654
0.017367
0.017088
0.016817
0.016555
0.016299
0.016051
0.015810
0.015575
0.015347
0.015124
0.014908
0.014697
0.014492
0.014292
0.014097
0.013906
0.013721
0.013540
0.013363
0.013191
0.013022
0.012858
0.012697
0.012540
0.012387
0.012237
0.012090
0.011947
0.011806
0.011669
0.011535
0.011403
0.011274
0.011148
0.011024
0.010903
0.010785
0.010668
0.010554
0.010442
0.010333
0.010225
0.010120
0.010016
0.009915
0.009815
0.009717
0.009621
0.009526
0.009434
0.009343
0.009253
0.009165
0.009079
0.008994
0.008911
0.008829
0.008748
0.008669
0.008591
0.008514
0.008438
0.008364
0.008291
0.008219
0.008148
0.008078
0.008010
0.007942
0.007876
0.007810
0.007746
0.007682
0.007619
0.007558
0.007497
0.007437
0.007378
0.007320
0.007262
0.007206
0.007150
0.007095
0.007041
0.006987
0.006934
0.006882
0.006831
0.006780
0.006730
0.006681
0.006633
0.006585
0.006537
0.006490
0.006444
0.006399
0.006354
0.006309
0.006266
0.006222
0.006180
0.006137
0.006096
0.006054
0.006014
0.005974
0.005934
0.005895
0.005856
0.005818
0.005780
0.005743
0.005706
0.005669
0.005633
0.005597
0.005562
0.005527
0.005493
0.005459
0.005425
0.005392
0.005359
0.005326
0.005294
0.005262
0.005231
0.005200
0.005169
0.005138
0.005108
0.005079
0.005049
0.005020
0.004991
0.004962
0.004934
0.004906
0.004879
0.004851
0.004824
0.004797
0.004771
