Number of loci : 1000000
Sample size : 108
Foundation time : 2.48
Number of replicates for SFS simulation : 10000000
Epsilon for optimization : 0.05
Stop threashhold : 0.001 

Observed (simulated) SFS :
[0.19684757174547485, 0.097116210966801148, 0.064007457088734954, 0.047486453022141238, 0.037630670077831371, 0.03107236856581061, 0.026376857021125088, 0.022930329828154912, 0.020257565604578271, 0.018044822544091437, 0.016289552274632097, 0.014840912773264898, 0.013585479480004083, 0.012558563550278342, 0.011629127852666491, 0.010878894318570512, 0.010134029568316974, 0.0095249966495108279, 0.0089550334348814931, 0.0084690684839986638, 0.0080291802603180071, 0.0076347786776869422, 0.0072441776499368917, 0.0068645762281293069, 0.006571509440378296, 0.0063040883969059493, 0.0060257217553762853, 0.0057799018656723884, 0.0055361182732678975, 0.0053577982385428274, 0.0051677284883593008, 0.0049584899395311724, 0.0048179334182790693, 0.0046259553894868657, 0.0044556105191357939, 0.0043273117875209776, 0.0041863792113648601, 0.0040426242231365785, 0.0039671312011553689, 0.0038327755852354444, 0.0037406181302470165, 0.003639519369827995, 0.0035103285079621624, 0.0034449489625485324, 0.0033239833015620279, 0.0032664308989112409, 0.0031589692095045879, 0.0031184372918446096, 0.0030181886555437098, 0.0029328521964206776, 0.0028623859083426184, 0.0027925997195590558, 0.0027426004196612706, 0.0026848319854698788, 0.0026402354743792597, 0.0025751439710197692, 0.0025118067237816723, 0.0024462231485796928, 0.0024154286525832772, 0.0023927393399436319, 0.0023111394263562479, 0.0022612381407685527, 0.0022126250432563158, 0.0021856571059374668, 0.0021178472056920315, 0.0021019368827848869, 0.0020761831227359196, 0.0020226333044624516, 0.0019978876916029739, 0.00195524346554597, 0.0019163517873609548, 0.001894162547731969, 0.0018551048453074152, 0.0018228581372880441, 0.00179863060006761, 0.0017699244089637088, 0.0017407981565308538, 0.0017039667791497561, 0.0016812054559965756, 0.0016648890738047758, 0.0016285057618412289, 0.0016162959792129653, 0.0015936366709539593, 0.0015582435035515188, 0.0015165494162147674, 0.001532011673704361, 0.0014868290770452487, 0.0014824984447729371, 0.0014588069858199298, 0.0014420225352901525, 0.0014088516923470829, 0.0013848381863752108, 0.0013698419969315522, 0.0013466886165380146, 0.0013441422447677362, 0.0013162721757376578, 0.0012936148677706945, 0.001292628723793674, 0.001273419919308219, 0.0012541251022649307, 0.0012237926737303647, 0.0012104307228855413, 0.0011966627127560625, 0.0011702208522444278, 0.0011779419795290113, 0.0011676384752173819, 0.0011447451327893875, 0.001130299023657454, 0.0011221358318314475, 0.00111895336719161, 0.0010987164125962393, 0.0010514635136729964, 0.0010658856193004179, 0.001057404381039632, 0.0010360312605640423, 0.0010259717918816148, 0.0010200029204263824, 0.0010220412180178308, 0.0010025383706021079, 0.00098862833973760184, 0.00098884037069412139, 0.00095898601195774588, 0.00095458336917189916, 0.00093936514731150745, 0.00094454990428602587, 0.00093415038595634969, 0.00091919820293762892, 0.00090744448689508673, 0.00089859719519049788, 0.00089331242361384772, 0.00086585841532863797, 0.0008792503705541009, 0.00087114918778141617, 0.00085855334878892316, 0.00084510538538626649, 0.00083514193072188549, 0.00082580856805093542, 0.00082863898129126854, 0.00081418087040707949, 0.00080407339471562855, 0.00080673178284029474, 0.00080252516867462657, 0.00079106749585439477, 0.00077537520477989792, 0.00077386098370362075, 0.00075867476651591138, 0.00076379951472915059, 0.00074759914947582348, 0.00074506677974984354, 0.00073938395005670836, 0.00071391623176983844, 0.00072766823956297634, 0.00071827086754666181, 0.00069857199151076069, 0.00069807391879214372, 0.00070365073300701902, 0.00069611963346648622, 0.00068172953251174667, 0.00067867708685468082, 0.00066973778171613063, 0.00067790697441826508, 0.00066506910008861297, 0.00065199919188201484, 0.00064185971151788155, 0.00065324737411662107, 0.00065425752159815344, 0.0006285137630093994, 0.00063828718992972979, 0.00062731758836790167, 0.00062354703786752868, 0.00061079917667979523, 0.00062403510912593246, 0.00060129978976930629, 0.00059569297117379133, 0.00060471028770200453, 0.00058738375802867219, 0.00059265652785306659, 0.00058445933106233505, 0.00057446987260139975, 0.00057910254897215003, 0.00056511850730206611, 0.00057404581068836054, 0.00056573859783528408, 0.0005611059214645338, 0.00055239865020292964, 0.00054596771128584778, 0.00053660434423425816, 0.000534726070006221, 0.00054028288130066992, 0.00052525668747637161, 0.00053182564654439548, 0.00051339495566352696, 0.00053207968363381056, 0.0005391467154204514, 0.00053083750227533226, 0.00050177325889579885, 0.0005144331072336561, 0.00051611335254947226, 0.0005191938022951351, 0.00050885029214265288, 0.00049775867276622397, 0.00049747063071208398, 0.00047991606774589092, 0.00049153376392953372, 0.0004774857129140855, 0.00048273047864988292, 0.00048243643571961511, 0.00047217693783292367, 0.0004596691116903068, 0.00046370370074030811, 0.00047914395501743256, 0.00045686870283061329, 0.00046186143176903832, 0.00044396081827946884, 0.00046484786778869719]
t : 1.0
step = 1.0 

t : 1.29665624289
step = 0.296656242887 

t : 1.64818615645
step = 0.351529913563 

t : 2.0045207921
step = 0.356334635647 

t : 2.30191052258
step = 0.297389730478 

t : 2.44890151336
step = 0.146990990785 

t : 2.47881562109
step = 0.0299141077298 

t final : 2.47901461878
step final : 0.000198997691981
