1.362208
0.634910
0.400558
0.289840
0.226731
0.186292
0.158250
0.137682
0.121956
0.109545
0.099500
0.091202
0.084230
0.078289
0.073164
0.068695
0.064762
0.061272
0.058153
0.055347
0.052807
0.050498
0.048387
0.046450
0.044665
0.043015
0.041484
0.040059
0.038730
0.037487
0.036322
0.035228
0.034197
0.033225
0.032307
0.031438
0.030614
0.029833
0.029089
0.028382
0.027708
0.027066
0.026452
0.025865
0.025303
0.024765
0.024249
0.023754
0.023279
0.022821
0.022382
0.021959
0.021551
0.021158
0.020778
0.020412
0.020059
0.019717
0.019387
0.019067
0.018757
0.018457
0.018167
0.017885
0.017611
0.017346
0.017088
0.016838
0.016595
0.016358
0.016128
0.015905
0.015687
0.015474
0.015268
0.015066
0.014870
0.014678
0.014492
0.014309
0.014131
0.013958
0.013788
0.013622
0.013460
0.013302
0.013147
0.012995
0.012847
0.012702
0.012560
0.012421
0.012285
0.012151
0.012021
0.011893
0.011767
0.011644
0.011523
0.011405
0.011289
0.011175
0.011063
0.010953
0.010846
0.010740
0.010636
0.010534
0.010433
0.010335
0.010238
0.010143
0.010049
0.009957
0.009867
0.009778
0.009690
0.009604
0.009519
0.009436
0.009354
0.009273
0.009193
0.009115
0.009038
0.008962
0.008887
0.008813
0.008740
0.008669
0.008598
0.008528
0.008460
0.008392
0.008326
0.008260
0.008195
0.008131
0.008068
0.008006
0.007945
0.007884
0.007825
0.007766
0.007708
0.007650
0.007594
0.007538
0.007483
0.007428
0.007374
0.007321
0.007269
0.007217
0.007166
0.007115
0.007066
0.007016
0.006968
0.006919
0.006872
0.006825
0.006779
0.006733
0.006687
0.006642
0.006598
0.006554
0.006511
0.006468
0.006426
0.006384
0.006343
0.006302
0.006262
0.006222
0.006182
0.006143
0.006104
0.006066
0.006028
0.005991
0.005954
0.005917
0.005881
0.005845
0.005809
0.005774
0.005739
0.005705
0.005671
0.005637
0.005604
0.005571
0.005538
0.005506
0.005474
0.005442
0.005411
0.005380
0.005349
0.005319
0.005288
0.005259
0.005229
0.005200
0.005171
0.005142
0.005114
0.005086
0.005058
0.005030
0.005003
0.004976
0.004949
